%YAML:1.0
calibration_time: "Sat 25 Jun 2011 05:27:46 PM EEST"
image_count: 58
image_width: 320
image_height: 240
board_width: 6
board_height: 8
square_size: 1.
flags: 0
camera_matrix: !!opencv-matrix
   rows: 3
   cols: 3
   dt: d
   data: [ 2.3889983461196141e+02, 0., 1.8275056567139120e+02, 0.,
       2.3748575258823462e+02, 1.2408746544049188e+02, 0., 0., 1. ]
distortion_coefficients: !!opencv-matrix
   rows: 1
   cols: 4
   dt: d
   data: [ -2.0081291014534450e-01, 5.8812125296021263e-03,
       -1.0558452366935713e-03, 3.9852031168852321e-03 ]
avg_reprojection_error: 1.0199203470657612e+00
per_view_reprojection_errors: !!opencv-matrix
   rows: 1
   cols: 58
   dt: d
   data: [ 6.2523150444030762e-01, 8.8601982593536377e-01,
       6.5170319875081384e-01, 6.4988573392232263e-01,
       5.8379117647806800e-01, 6.8868947029113770e-01,
       1.2794011433919270e+00, 2.0420382817586265e+00,
       2.7895116806030273e+00, 2.4243481953938803e-01,
       3.8517522811889648e-01, 3.6607329050699872e-01,
       3.2239850362141925e-01, 1.4575371742248535e+00,
       3.9952769279479980e+00, 5.0331958134969073e+00,
       2.6345539093017578e-01, 8.8398504257202148e-01,
       5.0826620260874433e+00, 1.6353560288747151e+00,
       3.3391094207763672e-01, 2.5796063741048175e-01,
       3.8020102183024090e-01, 3.8913758595784503e-01,
       1.4910376866658528e+00, 3.2127841313680011e-01,
       2.5477393468221027e-01, 3.5416539510091144e-01,
       4.5365365346272785e-01, 6.0638904571533203e-01,
       5.1322642962137854e-01, 5.5928619702657068e-01,
       2.5337187449137372e-01, 5.3123680750528968e-01,
       5.6560420989990234e-01, 5.5491089820861816e-01,
       5.6347807248433435e-01, 3.6003041267395020e-01,
       6.7351619402567542e-01, 5.0553417205810547e-01,
       3.5311190287272137e-01, 1.6008903185526531e+00,
       6.9620275497436523e-01, 2.9020293553670246e-01,
       3.5345919926961261e-01, 3.4091647466023761e-01,
       1.0249385833740234e+00, 7.5595267613728845e-01,
       2.1097378730773926e+00, 2.4918853441874185e+00,
       1.9987517992655437e+00, 8.7432861328125000e-01,
       7.3417949676513672e-01, 3.1239144007364911e-01,
       3.3925835291544598e-01, 4.3058355649312335e-01,
       1.9912652969360352e+00, 2.6707976659138999e+00 ]
