%YAML:1.0
calibration_time: "Sat 25 Jun 2011 05:26:36 PM EEST"
image_count: 58
image_width: 320
image_height: 240
board_width: 6
board_height: 8
square_size: 1.
flags: 0
camera_matrix: !!opencv-matrix
   rows: 3
   cols: 3
   dt: d
   data: [ 2.7511971971016766e+02, 0., 1.6774321201409768e+02, 0.,
       2.7574646888715324e+02, 1.2785754155130984e+02, 0., 0., 1. ]
distortion_coefficients: !!opencv-matrix
   rows: 1
   cols: 4
   dt: d
   data: [ -2.9791329870622424e-01, 3.2385902697917796e-01,
       -2.8303092852906509e-03, 2.2100720724004142e-02 ]
avg_reprojection_error: 6.0662946481814328e-01
per_view_reprojection_errors: !!opencv-matrix
   rows: 1
   cols: 58
   dt: d
   data: [ 4.1474994023640949e-01, 5.0266853968302405e-01,
       4.2103751500447589e-01, 3.7358681360880536e-01,
       3.4981822967529297e-01, 2.0194641749064127e-01,
       2.7265143394470215e-01, 1.0639402071634929e+00,
       2.1304883956909180e+00, 2.4418687820434570e-01,
       2.5745105743408203e-01, 2.8117609024047852e-01,
       2.2335370381673178e-01, 3.5133711496988934e-01,
       2.8528971672058105e+00, 3.5699392954508462e+00,
       2.7135006586710614e-01, 2.1190834045410156e-01,
       4.8905329704284668e+00, 2.5366131464640301e-01,
       2.8740390141805011e-01, 2.2678470611572266e-01,
       2.7049207687377930e-01, 2.9802290598551434e-01,
       2.6818227767944336e-01, 2.5963497161865234e-01,
       3.1491629282633465e-01, 3.6554972330729169e-01,
       3.7886031468709308e-01, 4.5499897003173828e-01,
       4.2005562782287598e-01, 5.1469850540161133e-01,
       2.6022640864054364e-01, 4.2263245582580566e-01,
       4.1290497779846191e-01, 3.7556036313374835e-01,
       4.3633906046549481e-01, 2.6604223251342773e-01,
       4.7120054562886554e-01, 3.0801439285278320e-01,
       2.2380765279134116e-01, 7.3152875900268555e-01,
       4.1502253214518231e-01, 3.0446163813273114e-01,
       2.3893356323242188e-01, 2.4591970443725586e-01,
       8.3935276667277015e-01, 4.3183676401774090e-01,
       3.5655530293782550e-01, 8.6090215047200525e-01,
       3.7742201487223309e-01, 3.3528423309326172e-01,
       3.3498477935791016e-01, 2.6836665471394855e-01,
       2.4568605422973633e-01, 2.8180583318074542e-01,
       3.9037227630615234e-01, 2.1510640780131021e+00 ]
